      0 0.092182 0.99596 -0.17574 0.98107 2.7864 0.58172 -1.5217 0.092914 0.4666 -0.18534 -0.49105 -1.3472 
   0.05 0.032044 0.99785 -0.15175 0.98425 -0.058476 0.52344 -0.80946 0.048601 0.41347 0.063192 0.20608 -3.487 
    0.1 0.016599 1.0006 -0.1331 0.98738 -0.047843 0.42635 0.22214 0.058264 0.34627 0.061871 0.19728 -0.34913 
   0.15 0.05483 1.0034 -0.11578 0.99044 -0.036909 0.48633 1.2885 0.052391 0.35895 0.060531 0.29873 2.6589 
    0.2 0.14141 1.0056 -0.096146 0.99341 -0.0096526 0.67712 2.1155 0.033619 0.4347 0.057775 0.88075 4.767 
   0.25 0.25913 1.0067 -0.071796 0.99616 0.057594 0.93888 2.5118 0.0078597 0.54123 0.051547 1.8306 5.4428 
    0.3 0.38426 1.0064 -0.042151 0.9985 0.16989 1.1964 2.4129 -0.017766 0.64033 0.04143 2.5703 4.6352 
   0.35 0.49314 1.005 -0.0084123 1.0003 0.30164 1.3852 1.8807 -0.037326 0.70102 0.029679 2.5484 2.803 
    0.4 0.5676 1.0028 0.02705 1.0015 0.41029 1.4705 1.0659 -0.047388 0.70818 0.020018 1.6775 0.59248 
   0.45 0.59823 1.0004 0.061508 1.0024 0.46162 1.4465 0.16122 -0.046838 0.66177 0.01542 0.34633 -1.5002 
    0.5 0.58551 0.99831 0.092489 1.0031 0.44697 1.3275 -0.63666 -0.03629 0.57124 0.016604 -0.86716 -3.1729 
   0.55 0.53921 0.99693 0.11815 1.0041 0.3845 1.1404 -1.1581 -0.01804 0.45206 0.021952 -1.5169 -4.1743 
    0.6 0.47618 0.99657 0.13756 1.0054 0.30672 0.92541 -1.2942 0.0037576 0.32514 0.028599 -1.4916 -4.2579 
   0.65 0.41655 0.99727 0.15094 1.0069 0.24321 0.7317 -1.0284 0.023663 0.2149 0.03396 -0.99666 -3.3294 
    0.7 0.37865 0.99881 0.1597 1.0087 0.20996 0.60591 -0.44676 0.036533 0.14325 0.036646 -0.32132 -1.6045 
   0.75 0.37438 1.0008 0.16612 1.0105 0.21157 0.57628 0.28444 0.039247 0.12202 0.036276 0.38888 0.41887 
    0.8 0.40628 1.0026 0.17271 1.0123 0.24931 0.64279 0.96721 0.031616 0.14868 0.032757 1.1244 2.1458 
   0.85 0.46736 1.0038 0.18152 1.0138 0.32351 0.77782 1.4274 0.01626 0.20738 0.026079 1.8233 3.1005 
    0.9 0.5435 1.0041 0.19359 1.0148 0.42737 0.93662 1.5597 -0.0023426 0.27472 0.016856 2.2643 3.094 
   0.95 0.61757 1.0036 0.20876 1.0154 0.54119 1.0735 1.3495 -0.019315 0.32797 0.0068229 2.1874 2.269 
      1 0.67388 1.0023 0.2259 1.0156 0.63599 1.1557 0.86676 -0.030741 0.35194 -0.0014869 1.5133 0.97283 
   1.05 0.70183 1.0006 0.24337 1.0154 0.68574 1.1689 0.23996 -0.034374 0.34107 -0.0058147 0.43855 -0.43842 
    1.1 0.69804 0.999 0.25946 1.0151 0.67947 1.1144 -0.37686 -0.029749 0.29776 -0.0052298 -0.65858 -1.6945 
   1.15 0.66677 0.99778 0.27273 1.0149 0.62579 1.0057 -0.8372 -0.018123 0.23009 -0.00051302 -1.4072 -2.5773 
    1.2 0.61875 0.99726 0.28227 1.015 0.54794 0.86636 -1.034 -0.0023951 0.1509 0.0062815 -1.6133 -2.8839 
   1.25 0.56848 0.99754 0.28791 1.0155 0.4729 0.72906 -0.92731 0.013357 0.076625 0.012787 -1.3187 -2.4894 
    1.3 0.53046 0.99852 0.2903 1.0163 0.42123 0.62812 -0.55695 0.024943 0.023763 0.017213 -0.71415 -1.4609 
   1.35 0.51537 0.99991 0.29083 1.0172 0.40344 0.58875 -0.032383 0.02938 0.0035422 0.018657 0.010285 -0.090332 
    1.4 0.52734 1.0013 0.29123 1.0181 0.42221 0.6178 0.49978 0.0258 0.01767 0.016901 0.73252 1.2044 
   1.45 0.5631 1.0024 0.29303 1.0188 0.47491 0.70149 0.89832 0.015603 0.057713 0.012197 1.3465 2.0439 
    1.5 0.61328 1.0028 0.29718 1.0193 0.5526 0.81115 1.0657 0.0018875 0.1084 0.005344 1.7041 2.2291 
   1.55 0.66527 1.0026 0.30377 1.0194 0.63849 0.91394 0.97119 -0.01157 0.1532 -0.0021811 1.6554 1.7927 
    1.6 0.70664 1.0017 0.31219 1.0191 0.71058 0.98342 0.65256 -0.02141 0.17953 -0.0084547 1.1596 0.93821 
   1.65 0.72829 1.0005 0.32131 1.0186 0.74915 1.0051 0.20084 -0.025446 0.18122 -0.011764 0.3506 -0.079491 
    1.7 0.72648 0.9993 0.3299 1.018 0.74483 0.97655 -0.26555 -0.022979 0.15838 -0.011312 -0.50674 -1.0341 
   1.75 0.70346 0.99833 0.33682 1.0175 0.70235 0.90588 -0.6294 -0.014823 0.11612 -0.0075355 -1.1352 -1.7356 
    1.8 0.66675 0.99787 0.34134 1.0173 0.63805 0.80994 -0.80214 -0.0031621 0.063634 -0.001879 -1.365 -2.0218 
   1.85 0.62709 0.99802 0.34322 1.0173 0.5727 0.7123 -0.74613 0.0088896 0.012931 0.0038326 -1.1886 -1.7971 
    1.9 0.59559 0.99871 0.34287 1.0176 0.52403 0.6382 -0.48508 0.018094 -0.023766 0.0080534 -0.72308 -1.1001 
   1.95 0.58072 0.99974 0.34122 1.0181 0.50266 0.60693 -0.097249 0.022059 -0.037756 0.0098658 -0.12061 -0.12788 
      2 0.58615 1.0008 0.33951 1.0186 0.51207 0.62506 0.30796 0.019946 -0.026975 0.0089817 0.48883 0.82404 
   2.05 0.60997 1.0016 0.33885 1.0189 0.54977 0.68425 0.62179 0.012644 0.0032742 0.0056364 0.99163 1.4751 
    2.1 0.64547 1.002 0.33998 1.0191 0.6075 0.76477 0.76601 0.0024013 0.042402 0.00056515 1.2707 1.6634 
   2.15 0.68324 1.0019 0.34304 1.019 0.67146 0.8428 0.71186 -0.007921 0.078364 -0.0050178 1.23 1.3886 
    2.2 0.71374 1.0013 0.3476 1.0186 0.72486 0.89803 0.48372 -0.015674 0.10141 -0.009643 0.85497 0.77941 
   2.25 0.72981 1.0004 0.35287 1.018 0.75305 0.91825 0.14867 -0.019057 0.10625 -0.01204 0.24823 0.020097 
    2.3 0.72833 0.99946 0.35791 1.0174 0.749 0.90057 -0.20298 -0.017433 0.092372 -0.011611 -0.39897 -0.70813 
   2.35 0.71076 0.99873 0.36186 1.0169 0.71588 0.8506 -0.48061 -0.0114 0.063443 -0.0086484 -0.88495 -1.2472 
    2.4 0.68267 0.99837 0.36412 1.0166 0.66543 0.78114 -0.61543 -0.0026342 0.026448 -0.0041938 -1.0793 -1.4707 
   2.45 0.65212 0.99847 0.36452 1.0165 0.61318 0.70996 -0.57767 0.0064863 -0.0095402 0.00038963 -0.96304 -1.3121 
    2.5 0.62752 0.99898 0.36334 1.0166 0.57309 0.65581 -0.38421 0.013511 -0.035433 0.0038837 -0.61044 -0.80482 
   2.55 0.61534 0.99975 0.36125 1.0169 0.55418 0.63292 -0.093179 0.016621 -0.044793 0.0055079 -0.13527 -0.093278 
    2.6 0.61846 1.0006 0.35916 1.0171 0.55973 0.64633 0.21335 0.015154 -0.035999 0.0049884 0.35025 0.60951 
   2.65 0.63555 1.0012 0.3579 1.0173 0.58767 0.69028 0.45307 0.0097381 -0.012759 0.0025188 0.74421 1.0994 
    2.7 0.66163 1.0015 0.358 1.0174 0.63107 0.75061 0.56599 0.0020367 0.017305 -0.0012824 0.95409 1.2537 
   2.75 0.68963 1.0014 0.35959 1.0172 0.67891 0.80984 0.52905 -0.0057959 0.045327 -0.0054476 0.91581 1.0628 
    2.8 0.71231 1.001 0.36238 1.0168 0.71845 0.85255 0.35956 -0.011729 0.0639 -0.008862 0.62861 0.61292 
   2.85 0.7242 1.0003 0.36575 1.0163 0.73892 0.86907 0.10785 -0.014355 0.068781 -0.010592 0.17277 0.03923 
    2.9 0.72287 0.99958 0.36901 1.0158 0.73524 0.85679 -0.15741 -0.013164 0.059383 -0.010203 -0.31194 -0.51585 
   2.95 0.7094 0.99903 0.3715 1.0154 0.70971 0.81993 -0.36713 -0.0086135 0.038466 -0.0079121 -0.67943 -0.92521 
      3 0.68797 0.99876 0.37276 1.015 0.67092 0.76835 -0.46903 -0.0019947 0.011418 -0.0044785 -0.83252 -1.0917 
   3.05 0.66468 0.99883 0.37265 1.0149 0.6304 0.71561 -0.44068 0.0048852 -0.01485 -0.00091673 -0.75152 -0.97008 
    3.1 0.64588 0.99922 0.3714 1.0149 0.59888 0.67568 -0.2949 0.010183 -0.033558 0.0018382 -0.48502 -0.59083 
   3.15 0.63643 0.9998 0.3695 1.0151 0.58359 0.65904 -0.075441 0.01254 -0.039986 0.0031594 -0.11729 -0.062448 
    3.2 0.63853 1.0004 0.36763 1.0152 0.58731 0.66933 0.15602 0.011455 -0.032964 0.002814 0.2606 0.45958 
   3.25 0.65119 1.0009 0.36639 1.0153 0.6084 0.70238 0.33753 0.0073916 -0.015201 0.00095678 0.56366 0.82657 
    3.3 0.67068 1.0011 0.36619 1.0153 0.64122 0.74782 0.42367 0.0015878 0.0077184 -0.0019123 0.71982 0.9468 
   3.35 0.69166 1.0011 0.36714 1.0151 0.67717 0.79271 0.39666 -0.0043362 0.029221 -0.0050367 0.68533 0.80895 
    3.4 0.70866 1.0007 0.369 1.0148 0.70663 0.82539 0.26923 -0.0088381 0.043696 -0.007574 0.46549 0.47247 
   3.45 0.71753 1.0002 0.37133 1.0144 0.72165 0.83832 0.079346 -0.010836 0.047827 -0.0088364 0.12275 0.037659 
    3.5 0.71642 0.99968 0.3736 1.014 0.71856 0.82936 -0.12092 -0.0099376 0.041085 -0.0085113 -0.2402 -0.3848 
   3.55 0.70615 0.99926 0.37529 1.0136 0.69908 0.80173 -0.27916 -0.0064934 0.025571 -0.0067586 -0.51702 -0.6947 
    3.6 0.68988 0.99906 0.37608 1.0133 0.66953 0.76303 -0.35586 -0.0014927 0.0054381 -0.0041382 -0.63556 -0.81792 
   3.65 0.67221 0.99911 0.37585 1.0132 0.63849 0.72359 -0.33426 0.003695 -0.014051 -0.0014053 -0.57805 -0.72362 
    3.7 0.65794 0.99941 0.37477 1.0131 0.61413 0.69389 -0.22416 0.0076861 -0.027824 0.00072777 -0.37704 -0.43804 
   3.75 0.65073 0.99984 0.37322 1.0132 0.60214 0.68163 -0.058541 0.0094643 -0.032405 0.0017685 -0.09503 -0.043211 
    3.8 0.65224 1.0003 0.3717 1.0133 0.60478 0.68948 0.11622 0.0086548 -0.026956 0.0015269 0.19601 0.34652 
   3.85 0.66172 1.0007 0.37066 1.0133 0.62075 0.71435 0.25351 0.0056002 -0.013481 0.00012396 0.42763 0.62217 
    3.9 0.67638 1.0008 0.37041 1.0133 0.64561 0.74862 0.31899 0.0012253 0.0038955 -0.0020459 0.54423 0.71516 
   3.95 0.69218 1.0008 0.37103 1.0131 0.67272 0.78261 0.29906 -0.0032526 0.020276 -0.0043979 0.51521 0.6146 
      4 0.70501 1.0005 0.37235 1.0129 0.6948 0.80753 0.20314 -0.0066648 0.031412 -0.006296 0.34779 0.36221 
   4.05 0.7117 1.0002 0.37404 1.0125 0.70598 0.81755 0.059802 -0.0081852 0.034732 -0.007231 0.089999 0.032724 
    4.1 0.71085 0.99976 0.37569 1.0122 0.70356 0.81094 -0.09153 -0.0075112 0.029785 -0.0069744 -0.18232 -0.28849 
   4.15 0.70308 0.99944 0.37691 1.0118 0.68882 0.79015 -0.21115 -0.0049103 0.018167 -0.0056445 -0.39125 -0.52331 
    4.2 0.69077 0.99929 0.37744 1.0116 0.66641 0.76101 -0.2692 -0.0011349 0.0030609 -0.0036548 -0.48291 -0.61537 
   4.25 0.67741 0.99933 0.37722 1.0115 0.64275 0.73138 -0.25306 0.0027796 -0.011534 -0.0015685 -0.44215 -0.54306 
    4.3 0.66659 0.99955 0.37636 1.0114 0.62405 0.70911 -0.17014 0.0057928 -0.021811 7.2391e-05 -0.29099 -0.32805 
   4.35 0.6611 0.99988 0.37516 1.0115 0.61473 0.69993 -0.045234 0.0071426 -0.025191 0.00088477 -0.075904 -0.032204 
    4.4 0.66219 1.0002 0.37397 1.0115 0.61659 0.70582 0.086781 0.0065456 -0.021061 0.00071617 0.14707 0.25992 
   4.45 0.66931 1.0005 0.37315 1.0115 0.62866 0.7245 0.19078 0.004254 -0.010901 -0.00034126 0.32386 0.46789 
    4.5 0.68036 1.0006 0.37293 1.0115 0.64748 0.75033 0.24079 0.00095771 0.0022315 -0.0019814 0.41169 0.54018 
   4.55 0.6923 1.0006 0.37336 1.0113 0.66796 0.77607 0.22633 -0.0024282 0.014673 -0.0037554 0.3887 0.46697 
    4.6 0.70202 1.0004 0.37433 1.0111 0.6846 0.79507 0.1543 -0.0050186 0.023205 -0.0051834 0.26195 0.2778 
   4.65 0.70713 1.0001 0.37559 1.0108 0.69303 0.80285 0.046181 -0.0061829 0.025838 -0.0058853 0.06809 0.028431 
    4.7 0.70653 0.99982 0.37681 1.0105 0.69123 0.79801 -0.068258 -0.0056866 0.022194 -0.0056915 -0.13671 -0.21565 
   4.75 0.7007 0.99958 0.37772 1.0103 0.68014 0.78239 -0.15895 -0.0037302 0.013473 -0.0046885 -0.29493 -0.39407 
    4.8 0.69142 0.99946 0.37811 1.0101 0.6632 0.76043 -0.20324 -0.00088299 0.0021014 -0.0031816 -0.36611 -0.4638 
   4.85 0.68132 0.99949 0.37794 1.0099 0.64521 0.73809 -0.19155 0.0020735 -0.0088886 -0.0015923 -0.33754 -0.40934 
    4.9 0.67312 0.99966 0.37728 1.0099 0.63087 0.7213 -0.12935 0.0043559 -0.016631 -0.00033208 -0.22427 -0.24786 
   4.95 0.66892 0.99991 0.37636 1.0099 0.62362 0.71433 -0.035255 0.0053896 -0.019197 0.000302 -0.060867 -0.025908 
      5 0.66968 1.0002 0.37545 1.0099 0.6249 0.71867 0.064531 0.0049577 -0.016122 0.00018828 0.10945 0.19374 
